N              alpha          loss           time           pred_alpha     
10             2.00000000e-01 9.91291927e-06 1.81698887e+02 1.99894249e-01 
10             4.00000000e-01 3.20410727e-05 1.58511614e+02 3.83068442e-01 
10             6.00000000e-01 3.82762628e-05 1.35540017e+02 5.65557718e-01 
10             8.00000000e-01 6.44106840e-05 1.01681797e+02 8.57993603e-01 
10             1.00000000e+00 3.36838129e-05 1.51962584e+02 9.49533224e-01 
20             2.00000000e-01 3.50516257e-06 2.19986946e+02 1.97129473e-01 
20             4.00000000e-01 5.69936601e-05 1.39059295e+02 4.37493175e-01 
20             6.00000000e-01 5.99637133e-05 1.69045871e+02 5.96035063e-01 
20             8.00000000e-01 1.97218051e-05 1.55806376e+02 8.10990453e-01 
20             1.00000000e+00 1.60494346e-05 1.30650212e+02 1.01782429e+00 
40             2.00000000e-01 3.43639749e-06 1.86275112e+02 1.99196950e-01 
40             4.00000000e-01 1.89245839e-05 2.34731343e+02 3.94938648e-01 
40             6.00000000e-01 8.08571349e-05 1.59070320e+02 5.95286787e-01 
40             8.00000000e-01 7.87470708e-05 1.83432594e+02 8.26047599e-01 
40             1.00000000e+00 2.02409443e-04 1.70916360e+02 9.66855824e-01 
80             2.00000000e-01 4.90390948e-06 2.75970311e+02 1.98680341e-01 
80             4.00000000e-01 7.88954640e-06 2.48805870e+02 3.99356514e-01 
80             6.00000000e-01 1.44558135e-05 2.56651474e+02 6.06665790e-01 
80             8.00000000e-01 6.55792683e-05 1.58146581e+02 8.04237604e-01 
80             1.00000000e+00 1.64606783e-04 1.33580302e+02 9.99058664e-01 
100            2.00000000e-01 1.61684911e-05 2.84342571e+02 1.96850121e-01 
100            4.00000000e-01 6.12499116e-06 2.69252445e+02 3.98552030e-01 
100            6.00000000e-01 1.52821740e-05 3.11274979e+02 6.01184726e-01 
100            8.00000000e-01 1.87684971e-04 1.32423693e+02 7.73370862e-01 
100            1.00000000e+00 3.29982344e-04 8.79788115e+01 9.67489123e-01 