N              alpha          loss           time           pred_alpha     
20             2.00000000e-01 6.74938690e-07 1.50494445e+02 9.37265122e-06 
20             4.00000000e-01 1.93840460e-05 1.76179926e+02 3.91459197e-01 
20             6.00000000e-01 6.47435490e-06 2.16383198e+02 5.97227812e-01 
20             8.00000000e-01 2.59303088e-05 1.63781576e+02 8.11927021e-01 
20             1.00000000e+00 8.47878255e-06 2.17302690e+02 1.01764750e+00 
40             2.00000000e-01 7.49617811e-06 2.12713991e+02 2.02428550e-01 
40             4.00000000e-01 1.71061838e-05 2.50417062e+02 3.96284610e-01 
40             6.00000000e-01 1.55177477e-05 2.28632103e+02 6.12573802e-01 
40             8.00000000e-01 4.95064451e-05 1.33461555e+02 8.15748036e-01 
40             1.00000000e+00 3.52756979e-05 1.86683233e+02 9.90341187e-01 
60             2.00000000e-01 4.94717824e-06 2.38051043e+02 1.98327005e-01 
60             4.00000000e-01 6.44363099e-05 1.89893692e+02 4.03354675e-01 
60             6.00000000e-01 1.24952439e-05 2.80249366e+02 6.00576699e-01 
60             8.00000000e-01 7.18218580e-05 2.04213267e+02 7.82780468e-01 
60             1.00000000e+00 3.32143209e-05 1.76249200e+02 1.02851558e+00 
80             2.00000000e-01 5.24778079e-06 2.79284348e+02 2.01210797e-01 
80             4.00000000e-01 5.58846295e-06 2.86475408e+02 4.00603592e-01 
80             6.00000000e-01 3.45009212e-05 2.31779673e+02 6.04292035e-01 
80             8.00000000e-01 6.88350920e-05 1.54200435e+02 7.89847493e-01 
80             1.00000000e+00 2.64353021e-05 2.93711723e+02 9.96947825e-01 
100            2.00000000e-01 8.63562309e-06 2.64399014e+02 1.98879719e-01 
100            4.00000000e-01 1.08212098e-05 2.74555153e+02 3.99697721e-01 
100            6.00000000e-01 1.38725336e-05 2.25667844e+02 6.01354063e-01 
100            8.00000000e-01 8.21204594e-05 1.57442199e+02 7.78756797e-01 
100            1.00000000e+00 5.64435904e-04 9.11389396e+01 1.03237760e+00 
