N              alpha          loss           time           pred_alpha     
20             2.00000000e-01 4.07062289e-05 1.77648920e+02 1.99861854e-01 
20             4.00000000e-01 8.27802614e-06 2.44303511e+02 3.91251564e-01 
20             6.00000000e-01 2.33881910e-05 2.60450315e+02 6.09491467e-01 
20             8.00000000e-01 8.59594365e-05 1.00031515e+02 7.83479989e-01 
20             1.00000000e+00 3.57286954e-05 2.20732101e+02 1.00646102e+00 
40             2.00000000e-01 1.12124508e-05 1.56441518e+02 1.95004851e-01 
40             4.00000000e-01 2.75496914e-05 2.09022649e+02 3.93175066e-01 
40             6.00000000e-01 5.34085921e-05 1.70471264e+02 6.32147253e-01 
40             8.00000000e-01 3.51908311e-05 1.72189165e+02 7.84545302e-01 
40             1.00000000e+00 3.61279817e-05 2.11465161e+02 9.67657983e-01 
60             2.00000000e-01 9.25463066e-02 2.46789839e+01 5.54744065e-01 
60             4.00000000e-01 1.20000022e-05 2.78305122e+02 4.00746822e-01 
60             6.00000000e-01 1.79498566e-05 2.46992947e+02 6.01794839e-01 
60             8.00000000e-01 3.30651383e-05 1.90388085e+02 7.90291846e-01 
60             1.00000000e+00 1.59870324e-05 1.97881241e+02 1.01143920e+00 
80             2.00000000e-01 2.28440076e-05 1.95290242e+02 1.96898147e-01 
80             4.00000000e-01 5.03674346e-06 2.12987451e+02 4.00078565e-01 
80             6.00000000e-01 1.94678905e-05 2.67514232e+02 6.03292644e-01 
80             8.00000000e-01 4.04545572e-05 2.07894930e+02 8.04044425e-01 
80             1.00000000e+00 4.71870910e-04 9.62957342e+01 9.73151207e-01 
100            2.00000000e-01 1.36769022e-05 2.56807647e+02 1.97183818e-01 
100            4.00000000e-01 1.62627130e-05 2.22781070e+02 4.01392490e-01 
100            6.00000000e-01 2.95809714e-05 2.01712783e+02 6.00422502e-01 
100            8.00000000e-01 4.28793137e-05 1.86552467e+02 7.92196691e-01 
100            1.00000000e+00 1.75526380e-04 1.66779404e+02 1.00138760e+00 
