N              alpha          loss           time           pred_alpha     
20             2.00000000e-01 1.18897397e-05 2.47900453e+02 2.00568572e-01 
20             4.00000000e-01 1.48005556e-05 2.30346229e+02 3.91240388e-01 
20             6.00000000e-01 1.19583616e-04 1.04499776e+02 5.89618742e-01 
20             8.00000000e-01 5.40782457e-05 1.58499237e+02 7.77971625e-01 
20             1.00000000e+00 4.44225807e-05 1.85055776e+02 1.01291943e+00 
40             2.00000000e-01 7.96229020e-02 2.75885255e+01 4.78609324e-01 
40             4.00000000e-01 3.66160129e-05 1.88531971e+02 3.94059896e-01 
40             6.00000000e-01 2.82762903e-05 1.56066082e+02 5.97344279e-01 
40             8.00000000e-01 5.26333388e-05 1.79854393e+02 8.05687189e-01 
40             1.00000000e+00 3.44371147e-05 1.48844320e+02 9.73154664e-01 
60             2.00000000e-01 3.68271503e-06 2.48872167e+02 2.00388342e-01 
60             4.00000000e-01 8.64547383e-06 2.45833872e+02 4.03630495e-01 
60             6.00000000e-01 9.42915267e-06 2.44085878e+02 6.02869272e-01 
60             8.00000000e-01 1.23183578e-04 1.36565202e+02 7.92210758e-01 
60             1.00000000e+00 1.35031252e-04 1.44210950e+02 9.46320415e-01 
80             2.00000000e-01 7.65136065e-06 2.90965658e+02 2.00001776e-01 
80             4.00000000e-01 3.76789467e-05 2.82787477e+02 3.99386942e-01 
80             6.00000000e-01 1.71670526e-05 2.25150121e+02 6.01602435e-01 
80             8.00000000e-01 1.42631863e-04 1.38241430e+02 8.09096515e-01 
80             1.00000000e+00 1.10730121e-04 1.82452777e+02 1.01853776e+00 
100            2.00000000e-01 2.07230987e-05 2.40678547e+02 2.01491445e-01 
100            4.00000000e-01 1.44736005e-05 2.02563003e+02 3.98346931e-01 
100            6.00000000e-01 5.18313936e-05 2.30198393e+02 6.03803158e-01 
100            8.00000000e-01 1.19847762e-04 1.71669932e+02 8.06039155e-01 
100            1.00000000e+00 1.79045936e-04 1.24932521e+02 1.02798033e+00 
