noisy          alpha          loss           time           pred_alpha     
0              2.00000000e-01 9.45184001e-06 3.45384716e+02 1.99981987e-01 
0              4.00000000e-01 1.44437490e-05 3.02198931e+02 4.01310533e-01 
0              6.00000000e-01 2.76199826e-05 2.83547425e+02 6.04561925e-01 
0              8.00000000e-01 1.99618880e-05 3.41670398e+02 7.94571579e-01 
0              1.00000000e+00 6.15479948e-05 2.00778943e+02 1.02032280e+00 
0.05           2.00000000e-01 1.21448022e-04 2.54832857e+02 1.98375762e-01 
0.05           4.00000000e-01 1.04877421e-04 2.70549829e+02 3.96855742e-01 
0.05           6.00000000e-01 8.81910019e-05 2.75730929e+02 6.01590276e-01 
0.05           8.00000000e-01 8.70205040e-05 2.62394792e+02 8.11944664e-01 
0.05           1.00000000e+00 3.31191521e-04 1.50942872e+02 8.99088860e-01 
0.1            2.00000000e-01 4.25318925e-04 1.29328937e+02 2.01504573e-01 
0.1            4.00000000e-01 3.19435698e-04 1.86906231e+02 3.94159168e-01 
0.1            6.00000000e-01 2.41880654e-04 2.67879602e+02 6.02517128e-01 
0.1            8.00000000e-01 2.44998548e-04 1.46210061e+02 7.79678345e-01 
0.1            1.00000000e+00 4.94221458e-04 1.13872544e+02 1.10630262e+00 
0.15           2.00000000e-01 9.56707750e-04 1.42639154e+02 2.01092124e-01 
0.15           4.00000000e-01 7.20018637e-04 1.31557511e+02 4.00105357e-01 
0.15           6.00000000e-01 5.30412944e-04 1.62217666e+02 6.15474105e-01 
0.15           8.00000000e-01 4.22672165e-04 1.84550900e+02 8.06776047e-01 
0.15           1.00000000e+00 3.13165045e-04 1.94184551e+02 9.96637106e-01 
0.2            2.00000000e-01 1.29943376e-03 2.15868914e+02 2.00515375e-01 
0.2            4.00000000e-01 1.24360248e-03 1.83261859e+02 3.98211777e-01 
0.2            6.00000000e-01 8.17036140e-04 1.73483996e+02 6.78781760e-07 
0.2            8.00000000e-01 1.01387675e-03 2.01544917e+02 8.20934474e-01 
0.2            1.00000000e+00 7.27647566e-04 1.27832207e+02 1.04451215e+00 
